00000000010100000000000110010011
00000100100000000000000101101111
00000000001101101010011000100011
00000000010000000000111110000011
11111110001000001001110011100011
00000000001100010000000010110011
00000000000000001010000010110111
00000000001101101010011000100011
00000000010000000000111110000011
11111110001000001001001011100011
00000000001100010000000010110011
00000000000000001010000010110111
11111101100111111111000101101111
00000000001101101010011000100011
00000000010000000000111110000011
11111100001000001001011011100011
00000000001100010000000010110011
00000000000000001010000010110111
11111110110111111111000101101111
00000000000000001010000010110111
